1073741824S,0C
2766 1
2759 1
2733 1
2749 1
2783 1
2781 1
2781 1
2764 1
2763 1
2941 1
2766 1
2763 1
2784 1
2784 1
2746 1
2821 1
2763 1
28863 1
2711 1
2718 1
2718 1
2696 1
2718 1
2682 1
2718 1
3733 1
31077 1
2718 1
3701 1
3740 1
3735 1
3735 1
3735 1
3738 1
3736 1
3735 1
3723 1
2718 1
3717 1
2670 1
2700 1
2700 1
2700 1
2700 1
3727 1
1540 1
3739 1
2722 1
2701 1
3734 1
3743 1
3737 1
36860 1
2715 1
2719 1
2719 1
2719 1
2683 1
2853 1
2719 1
2706 1
2704 1
2719 1
2719 1
2056 1
2720 1
2719 1
3702 1
3731 1
2846 1
2719 1
2701 1
2734 1
2719 1
2719 1
2719 1
3727 1
3710 1
2719 1
2719 1
2701 1
2701 1
2712 1
2717 1
2719 1
2719 1
2719 1
2712 1
2731 1
2719 1
3723 1
2705 1
3726 1
2747 1
2747 1
2678 1
2747 1
3722 1
2744 1
2744 1
2744 1
2744 1
2744 1
2704 1
2704 1
2701 1
3044 1
2747 1
